0 211 169 195 26 77 163 70 159 253 173 143 167 236 133 243 174 193 115 91 141 182 38 126 235 214 124 190 37 62 179 164 150 240 43 60 114 29 113 81 9 47 239 101 97 222 142 119 18 83 208 148 146 118 254 139 69 103 94 125 203 98 54 210 220 200 27 246 166 145 120 14 82 232 158 86 51 8 59 221 237 227 228 100 123 230 207 96 16 140 177 50 25 217 248 116 189 112 192 209 191 19 251 204 180 255 137 186 241 128 93 205 132 0 213 44 136 233 76 28 41 138 178 102 53 252 95 21 12 196 11 225 206 32 79 68 58 42 56 61 107 188 71 48 247 181 117 104 122 105 212 127 57 151 250 168 111 67 10 201 194 1 144 78 218 88 147 74 92 130 35 226 5 108 7 153 84 216 23 20 33 80 185 6 134 249 215 129 172 198 22 223 244 135 45 52 184 106 197 176 85 231 234 121 154 39 224 15 65 109 34 187 219 162 131 242 156 24 72 66 165 238 171 3 245 202 229 40 13 90 63 170 199 30 49 175 157 17 2 36 75 87 110 46 183 149 55 89 155 4 99 31 160 152 161 64 73
1 55 172 193 102 248 201 184 210 176 142 147 129 14 214 108 65 30 28 118 20 189 224 113 46 80 53 58 119 122 170 125 145 148 75 94 112 173 124 21 127 154 167 51 227 160 199 135 138 203 191 104 68 168 166 157 88 156 1 180 7 5 190 0 217 162 15 40 205 4 27 250 165 32 6 82 117 253 146 240 12 24 56 196 137 52 114 23 204 13 207 116 247 209 8 133 185 41 123 121 31 109 85 34 140 178 177 158 254 48 87 202 59 64 95 144 72 215 222 231 78 228 61 19 91 126 183 57 149 239 163 9 132 11 188 17 244 22 76 208 238 175 35 206 243 67 38 103 96 139 226 111 151 131 128 43 221 179 141 174 110 230 251 101 79 105 115 234 195 187 60 198 36 81 169 164 219 136 182 241 71 194 33 89 152 120 186 107 155 44 197 92 171 100 159 153 86 98 236 62 161 143 29 235 3 246 63 150 39 37 84 73 10 237 200 42 97 216 245 134 83 2 77 16 26 93 232 223 242 90 106 66 47 225 220 213 252 181 255 69 49 192 212 25 70 233 218 54 74 50 99 130 229 45 211 249 18
2 91 32 143 37 11 195 25 175 219 198 188 114 211 42 88 169 217 222 237 129 145 249 123 20 34 87 216 18 248 187 170 233 196 72 49 40 61 254 180 111 128 131 74 194 8 76 149 164 226 140 203 225 232 251 174 55 224 45 240 21 59 79 57 60 68 39 255 109 36 121 252 231 2 43 253 31 229 80 113 161 103 207 139 214 1 29 176 177 243 135 6 71 93 153 228 44 30 182 10 35 38 141 223 209 221 190 239 178 14 5 12 100 115 247 119 134 24 66 146 124 17 154 7 122 81 92 179 206 215 199 3 95 48 65 144 234 96 162 53 104 26 99 13 120 186 241 47 158 41 142 102 168 151 191 127 181 116 125 98 64 23 19 105 97 148 56 218 107 173 90 246 201 250 94 83 69 171 150 227 52 126 27 0 204 235 163 62 85 58 213 183 15 192 147 133 82 167 165 108 77 210 137 220 4 136 50 101 152 166 236 112 9 200 89 189 202 172 70 157 54 244 16 110 197 33 51 28 78 160 159 117 212 155 67 193 84 46 185 22 138 156 238 130 75 184 118 132 230 73 86 208 205 106 242 245 63
3 54 93 126 91 163 69 196 88 35 109 128 22 34 224 136 56 73 201 77 23 154 208 184 205 193 167 245 210 204 183 129 249 252 100 217 242 6 87 38 99 157 231 118 179 131 33 107 12 149 27 164 137 153 134 166 108 104 48 234 106 95 43 72 132 119 92 59 142 148 237 146 226 209 52 103 230 89 169 255 250 243 32 233 240 207 151 25 194 111 57 168 192 190 191 55 254 150 31 189 197 37 64 50 130 94 227 143 68 40 80 124 51 10 9 84 152 41 244 39 173 75 85 147 42 121 161 4 248 114 127 117 86 138 123 247 105 17 212 253 1 221 203 185 144 71 202 228 5 251 180 45 20 11 2 156 46 110 26 133 216 76 7 200 171 236 78 49 15 53 162 139 159 3 158 187 30 232 222 211 181 112 220 79 175 174 141 21 246 186 60 170 213 178 188 90 239 206 214 18 65 96 102 83 235 182 29 116 14 219 70 67 19 198 140 229 8 135 225 115 241 101 98 195 122 63 145 66 155 28 82 0 16 177 47 165 97 58 13 223 61 238 120 160 215 36 218 74 176 199 125 113 62 44 24 81 172
4 121 28 42 186 147 189 46 187 175 206 90 140 205 241 108 111 103 159 247 200 244 230 131 22 129 179 15 152 128 151 100 106 161 195 57 170 92 18 88 132 148 104 61 235 203 142 163 107 91 183 78 95 10 26 123 221 116 29 146 209 97 219 17 21 181 89 130 222 20 32 59 250 255 145 156 8 126 174 214 56 6 193 58 98 249 23 67 240 252 166 243 14 197 24 35 13 149 224 41 9 85 64 180 171 245 96 229 125 102 16 83 120 5 141 50 72 176 49 82 228 19 69 44 184 188 199 198 173 150 0 48 94 168 127 153 133 227 136 242 167 232 236 165 233 55 226 87 105 113 135 185 216 79 155 139 33 211 248 239 207 118 119 4 172 158 62 138 7 84 110 65 53 182 45 190 210 164 191 253 99 81 213 196 254 39 234 31 251 178 114 74 238 122 25 38 246 204 12 71 177 215 237 80 202 160 37 75 36 115 63 218 43 157 76 217 144 73 154 137 134 11 101 3 27 201 54 66 112 68 52 192 2 212 231 40 30 225 117 47 223 169 60 70 93 77 1 162 124 109 86 51 220 194 208 34 143
5 210 55 108 128 22 152 58 50 164 64 150 154 145 207 175 36 248 95 65 32 60 111 146 153 71 99 222 15 4 80 195 140 123 246 0 77 184 159 224 47 135 25 127 136 233 172 132 87 124 8 230 109 173 19 73 157 41 239 252 51 110 186 54 192 231 130 190 206 193 59 85 79 9 240 215 176 103 185 143 134 20 214 229 83 122 212 34 23 89 200 147 72 213 57 43 216 202 10 56 78 177 151 234 106 114 126 155 188 11 112 235 160 166 197 220 7 61 174 30 251 120 194 133 21 250 196 82 221 182 131 68 167 238 129 40 180 203 104 29 183 39 13 76 42 33 249 38 247 158 237 255 223 81 232 44 121 17 243 218 118 62 91 209 189 90 49 12 245 211 18 227 31 142 226 88 5 144 14 3 208 178 181 102 162 241 198 46 6 201 94 69 170 148 119 244 217 27 163 149 171 75 253 161 204 67 117 219 165 107 254 24 100 205 169 93 16 191 236 2 1 37 116 125 225 105 113 179 63 139 115 228 35 137 92 141 66 70 168 156 101 48 28 242 45 138 26 199 187 96 86 97 98 74 53 52 84
6 218 30 72 202 249 113 205 195 210 12 102 7 0 125 34 240 89 151 120 121 237 60 130 228 168 209 165 169 43 66 20 33 68 31 11 23 44 57 39 118 161 153 26 69 253 122 181 144 65 91 131 191 138 208 198 252 145 230 54 35 92 97 21 63 98 76 211 164 183 185 182 127 227 234 203 173 129 238 206 140 255 22 96 190 16 101 248 51 40 79 17 214 171 84 55 212 139 225 133 137 192 215 103 223 155 177 204 241 149 243 184 246 14 221 119 152 95 160 82 114 75 8 3 53 45 154 167 159 242 2 135 207 132 10 88 179 189 111 166 176 163 116 186 193 100 143 19 62 187 247 87 254 4 85 24 81 78 232 32 124 141 36 90 156 83 77 233 37 175 199 162 147 110 235 216 170 231 49 41 80 52 18 105 146 70 239 13 107 73 56 250 126 108 236 74 123 86 48 178 67 213 229 42 157 28 46 136 5 180 25 188 115 158 106 200 194 174 222 109 244 71 150 58 64 217 59 61 128 38 27 94 245 112 196 220 142 47 172 226 219 148 104 99 134 117 201 197 9 29 251 1 6 93 50 224 15
7 81 175 24 179 132 118 39 227 248 18 104 184 166 185 245 105 93 254 142 52 96 117 203 149 108 11 192 201 72 187 54 75 144 252 92 123 246 223 180 88 231 61 151 127 69 173 137 47 207 119 150 139 53 30 216 199 154 100 29 165 190 76 221 6 194 168 78 141 42 241 206 106 237 59 197 87 112 145 97 31 202 16 32 63 159 45 213 38 64 130 238 155 131 209 181 140 253 195 49 5 136 228 13 158 247 22 188 129 224 25 177 103 186 204 40 174 169 73 26 193 210 28 2 99 215 125 101 161 66 12 58 91 176 62 191 219 110 4 98 124 143 111 19 44 148 251 94 60 157 243 217 102 133 121 85 67 70 236 240 211 109 55 9 56 20 200 250 152 89 208 172 15 90 43 244 198 3 178 71 57 242 232 229 27 116 95 255 65 162 189 147 167 83 33 74 84 50 82 214 222 225 79 114 230 113 77 234 115 48 239 182 183 135 128 68 37 21 1 0 160 153 34 122 17 164 7 36 249 126 196 218 146 46 205 226 171 220 41 35 107 120 163 86 156 138 51 212 235 134 23 10 8 170 14 233 80
8 151 41 1 224 233 240 140 85 113 50 23 121 243 72 163 195 172 117 198 155 174 187 162 175 44 104 108 150 165 123 42 130 229 216 148 19 135 168 237 22 62 221 12 228 170 86 161 16 122 71 238 176 10 204 203 96 145 47 160 208 247 21 234 115 53 127 215 112 223 133 218 83 33 225 149 38 93 99 80 226 217 202 183 245 63 81 116 97 75 11 235 192 199 189 205 35 6 103 25 105 66 181 132 211 54 157 142 32 78 37 57 128 253 111 20 239 146 250 119 56 249 242 65 8 68 158 139 70 94 129 159 64 100 136 92 220 114 120 185 13 24 200 17 197 89 219 107 106 49 51 26 201 177 125 191 166 210 179 9 101 213 152 98 190 193 5 39 7 18 40 222 82 227 246 2 156 153 214 248 88 137 209 73 180 171 241 194 0 131 36 147 232 236 30 230 141 31 91 134 138 196 3 244 231 154 118 184 124 61 251 167 173 102 46 69 34 28 45 144 27 186 143 182 84 178 59 79 252 254 87 14 109 255 58 164 207 90 52 43 67 4 206 95 126 188 74 212 15 55 110 48 60 77 29 169 76
9 166 243 1 106 179 38 58 40 187 193 251 191 221 116 241 32 254 207 255 77 79 164 149 222 211 172 103 15 3 95 109 90 154 174 177 186 214 208 67 233 226 239 27 132 195 60 88 225 69 170 126 118 33 43 2 229 171 25 180 228 87 230 56 245 83 141 220 53 39 31 55 30 203 131 45 21 206 78 205 81 22 134 249 19 212 146 135 223 253 178 148 26 127 143 63 0 248 209 218 28 169 12 165 44 155 112 29 62 139 8 235 219 13 35 216 99 144 210 94 156 194 72 213 6 160 61 201 20 86 41 181 202 121 196 136 18 232 246 9 115 158 190 71 113 37 176 215 34 64 50 36 89 101 198 240 42 150 107 252 122 217 52 85 159 102 152 238 247 175 68 100 157 66 96 65 224 167 184 11 162 234 54 163 105 145 185 46 151 242 70 73 137 192 200 7 182 117 23 173 80 183 138 120 5 119 227 161 110 74 129 123 75 59 237 197 91 48 111 93 51 231 16 10 168 133 244 108 24 188 14 17 128 142 84 47 140 124 4 250 76 92 114 82 204 147 199 104 57 153 49 97 125 189 236 130 98
10 202 38 135 149 54 147 148 172 184 27 156 217 162 186 251 125 116 134 65 36 23 113 61 250 226 102 132 126 45 233 176 96 167 207 151 198 109 120 190 137 231 74 221 88 98 93 77 169 28 13 10 157 183 219 227 121 41 110 105 243 205 115 238 90 133 213 136 127 19 79 189 124 210 104 89 108 57 29 195 168 78 193 130 234 175 129 204 208 229 22 20 182 166 211 144 86 146 71 192 32 83 66 43 56 48 163 242 255 152 33 70 34 80 239 159 123 212 224 191 3 21 44 59 138 118 246 247 244 82 49 185 206 173 145 87 68 25 26 150 177 236 197 14 100 154 220 11 142 76 194 50 232 253 241 230 6 199 0 178 214 215 60 160 1 245 240 84 4 139 12 69 171 161 249 37 31 103 248 254 179 188 228 218 81 235 181 95 24 62 203 64 141 53 119 72 170 131 225 122 9 42 201 17 92 252 46 8 153 39 58 67 2 47 216 237 75 223 196 5 187 158 180 164 117 111 128 140 112 7 18 106 91 94 99 63 114 85 174 209 15 73 30 107 143 97 51 222 52 101 35 200 40 155 165 16 55
11 134 117 166 139 32 178 23 105 121 223 214 97 63 44 218 60 77 0 19 204 141 253 184 161 194 233 86 118 237 62 36 128 73 71 39 172 43 188 33 133 30 177 245 229 102 239 206 150 42 167 230 225 140 54 25 135 243 136 169 57 11 189 12 143 51 58 181 241 180 4 74 37 221 26 155 244 144 222 224 162 76 174 199 215 217 99 205 78 92 72 249 45 24 158 80 171 15 28 41 27 187 211 56 201 149 108 47 193 10 48 123 192 160 52 17 18 145 186 228 202 173 91 142 175 90 213 153 46 64 98 82 196 104 148 107 81 96 31 35 38 130 70 9 164 75 22 216 112 127 29 14 65 119 246 183 83 242 129 138 195 87 203 226 5 34 125 20 170 132 207 152 116 163 89 109 67 191 69 126 168 156 79 131 124 220 252 210 85 114 6 248 93 176 61 254 40 16 53 13 255 247 120 219 49 240 55 200 179 7 238 151 147 95 231 111 146 100 3 2 110 227 251 66 197 88 232 106 209 157 115 154 250 236 182 101 159 8 198 59 1 185 190 103 208 165 94 84 21 50 235 122 113 212 137 68 234
12 9 30 240 38 161 176 13 21 109 2 163 149 10 238 250 93 96 225 228 151 108 1 185 53 159 148 44 220 83 158 212 116 175 144 135 5 50 73 74 179 198 242 14 81 23 85 211 177 136 0 131 184 62 169 188 112 87 31 27 196 63 251 101 248 47 252 253 192 42 106 232 51 16 126 102 213 254 241 39 40 187 3 4 113 160 75 76 243 224 146 33 52 214 69 49 79 117 162 137 247 60 68 153 24 216 167 67 54 221 119 180 218 48 142 88 100 32 120 124 98 105 77 99 235 199 200 46 11 174 202 78 55 203 172 157 6 145 207 201 34 127 36 134 140 164 80 92 246 26 239 222 110 91 95 104 41 70 89 189 58 90 115 139 230 18 166 82 103 178 20 255 208 56 94 138 209 17 29 64 173 43 244 141 97 152 249 204 12 143 22 195 229 65 15 219 191 182 8 245 190 206 165 130 236 84 217 147 25 129 171 155 210 156 28 123 223 125 86 57 183 194 122 114 45 205 35 186 121 61 168 19 128 227 231 66 71 226 132 234 111 237 59 37 107 7 197 170 133 181 72 154 150 118 233 193 215
13 174 212 144 83 248 170 215 58 11 194 45 105 171 93 250 208 191 187 101 180 183 77 37 104 79 15 145 147 103 95 206 64 220 115 202 0 233 228 34 226 179 151 2 130 33 192 43 87 165 65 21 182 253 61 117 20 131 126 223 141 71 177 107 91 148 211 90 216 114 113 240 254 57 5 134 78 185 251 153 94 118 237 159 120 167 119 200 3 224 139 189 205 178 98 241 210 229 4 16 203 55 234 219 242 166 221 7 73 236 168 100 63 112 70 225 188 243 164 109 146 135 132 121 201 42 157 227 74 204 162 19 6 155 35 128 9 52 152 209 230 255 66 84 1 142 26 149 176 24 222 244 249 85 67 136 88 143 97 195 38 124 161 40 8 111 110 207 86 50 231 60 68 44 125 39 53 49 17 116 23 22 56 193 239 96 158 198 127 122 27 184 186 140 12 41 169 173 31 196 123 92 252 137 190 72 232 75 199 214 62 238 133 76 69 89 13 46 102 51 150 129 246 218 106 82 80 81 138 54 175 108 30 32 156 245 197 59 154 99 47 213 18 14 217 172 48 25 163 10 247 28 29 235 181 36 160
14 201 77 189 94 225 253 58 163 204 67 115 184 84 214 132 107 44 17 202 85 173 91 41 117 4 231 19 104 20 165 68 190 200 2 30 105 49 151 92 148 73 50 196 66 140 147 133 215 35 86 252 191 123 247 29 56 138 106 119 22 137 176 10 230 209 97 226 217 144 5 143 87 229 193 212 158 57 81 254 162 134 198 149 26 244 211 12 223 55 45 6 164 180 8 150 38 31 194 101 185 59 136 171 103 142 124 159 216 195 236 126 102 166 197 0 54 248 160 18 128 88 21 145 243 53 70 27 113 181 112 192 177 95 146 90 99 78 72 71 114 152 9 40 121 51 213 110 246 127 69 238 172 74 154 116 168 205 118 47 203 62 25 161 34 207 250 167 239 155 65 96 183 122 220 188 1 240 221 235 175 228 98 242 156 83 48 130 255 129 170 222 63 139 141 60 182 80 249 224 219 76 16 153 210 108 64 135 241 125 24 179 11 39 100 3 7 13 33 208 218 233 14 174 232 169 186 32 61 37 23 237 79 131 227 82 28 75 36 206 245 234 89 178 52 42 15 46 120 187 199 251 109 43 111 157 93
15 55 235 145 227 147 134 41 193 206 149 98 94 12 202 27 11 6 1 114 138 195 2 34 249 28 238 200 14 73 172 24 168 183 85 35 65 255 46 165 180 181 173 111 169 3 189 178 187 153 79 23 102 47 131 29 150 127 81 51 128 146 18 215 254 220 74 70 66 175 108 93 82 31 184 221 174 97 154 185 170 0 56 156 117 90 191 20 228 83 247 217 167 243 45 143 241 130 52 69 36 87 179 42 103 177 15 188 166 225 95 5 124 248 129 155 48 251 99 122 240 120 136 100 37 89 75 72 133 104 230 53 218 33 137 245 50 119 158 204 64 244 116 126 157 159 110 252 132 112 13 92 17 38 237 16 141 229 176 140 160 62 63 152 161 190 242 233 91 26 59 210 209 224 196 214 76 246 44 80 203 135 182 142 86 163 151 39 198 68 61 232 78 164 96 139 8 58 7 106 105 144 121 171 192 123 201 199 21 107 25 231 43 77 101 67 239 113 223 222 40 4 208 32 236 197 22 253 212 71 125 54 57 207 211 30 205 115 216 84 194 250 109 49 219 186 162 19 226 234 213 10 148 9 60 118 88
16 250 198 34 104 1 254 25 172 112 35 124 209 64 91 117 183 115 160 107 74 151 56 238 234 72 81 157 130 195 24 173 60 120 141 127 15 201 178 162 49 59 101 216 133 50 36 248 171 169 43 229 204 174 225 113 63 166 210 191 10 218 116 114 230 75 213 66 203 146 165 156 39 176 68 80 12 220 168 89 70 61 192 88 251 228 93 255 48 111 58 100 78 139 4 184 149 14 40 16 217 28 5 179 221 181 41 108 227 247 26 175 215 65 18 23 219 185 73 53 190 54 158 38 180 138 187 236 71 144 194 207 37 245 147 96 3 233 252 7 197 164 106 145 29 31 11 121 232 131 224 170 222 134 196 103 118 132 182 177 135 242 19 137 102 126 214 186 129 200 83 57 45 92 119 67 86 105 110 109 239 235 154 84 27 240 22 243 47 244 87 69 241 6 246 20 148 212 51 122 205 163 33 150 79 167 159 208 161 152 155 95 30 82 143 21 77 199 44 17 223 253 97 202 42 76 125 140 90 237 206 136 189 55 0 188 2 142 249 62 128 8 94 99 226 123 153 193 13 231 52 85 211 98 46 9 32
17 152 196 66 233 151 109 98 209 69 217 192 219 144 148 210 44 13 195 204 1 89 8 91 0 99 156 76 177 4 184 9 170 54 68 162 95 86 149 18 53 160 222 119 19 126 30 248 150 230 58 96 171 141 57 250 47 65 72 59 211 116 164 225 110 247 234 175 208 60 173 244 220 176 253 140 124 198 63 46 28 73 93 38 85 75 179 45 127 27 5 242 155 226 169 20 11 168 14 172 129 235 153 223 154 52 62 37 94 108 243 120 125 29 33 194 221 185 21 74 2 212 112 26 216 136 137 34 255 232 113 25 41 249 246 84 254 165 107 159 101 197 238 64 131 10 121 31 167 42 97 200 106 213 49 161 102 138 79 186 43 134 146 71 61 88 180 35 104 158 215 187 207 201 252 114 203 39 182 245 117 118 36 227 191 100 214 237 142 145 251 105 87 16 15 183 157 32 82 143 23 241 40 70 111 224 188 229 123 92 202 51 77 128 231 240 22 6 133 130 135 132 115 12 48 83 24 80 122 181 163 190 90 56 206 139 55 147 50 7 3 103 189 239 199 81 67 205 236 218 174 178 166 17 78 193 228
18 117 241 8 224 239 129 92 138 83 175 10 195 233 118 45 0 99 18 152 93 141 64 85 182 217 58 95 163 167 35 236 32 77 97 225 15 191 133 24 128 223 137 143 193 57 113 43 179 4 96 42 208 91 226 82 38 244 227 40 62 98 22 102 37 185 139 255 60 122 131 52 104 74 89 39 194 170 75 54 199 207 79 78 108 19 88 110 172 169 132 66 229 242 166 197 116 176 201 180 145 174 6 61 202 127 94 183 196 3 123 181 204 17 235 63 73 237 69 212 72 105 216 31 171 209 55 101 34 1 230 84 177 219 251 249 112 162 213 16 136 155 156 146 130 161 234 253 50 44 252 158 192 254 159 100 41 150 186 135 51 184 30 120 47 148 106 188 107 232 220 2 198 140 214 187 160 67 36 119 240 231 165 134 29 49 13 238 153 173 11 87 126 26 28 90 168 68 248 71 5 23 246 144 147 243 125 25 27 221 178 56 46 115 48 250 154 65 86 33 76 9 247 21 222 14 111 215 114 59 103 218 121 53 151 210 228 200 70 205 80 12 164 149 211 203 142 206 7 157 190 20 245 124 109 189 81
19 212 133 180 95 82 115 174 192 127 219 143 163 122 239 54 137 90 22 114 157 50 116 59 99 246 89 20 117 24 83 88 188 148 149 94 235 231 74 184 11 57 135 15 158 221 41 190 230 215 72 123 153 3 142 248 176 124 134 209 167 208 9 165 12 53 240 112 23 169 166 207 35 37 150 103 44 101 80 2 18 141 154 242 177 186 47 52 67 17 63 249 38 162 10 206 197 26 97 60 178 160 0 204 132 43 25 30 139 27 48 32 14 220 255 129 28 131 194 1 237 93 118 49 77 73 79 138 170 227 191 8 105 34 171 144 200 183 55 241 61 202 203 161 140 238 6 234 13 229 173 236 87 159 254 168 128 4 225 130 85 98 214 198 195 56 33 243 120 175 199 78 96 100 247 121 164 62 151 224 250 36 16 189 211 51 31 244 81 217 213 125 104 222 196 253 113 58 102 91 40 147 42 29 21 111 84 7 64 226 181 218 223 92 182 69 179 228 86 110 201 232 75 66 5 108 146 106 19 252 109 210 65 76 251 39 216 152 156 68 136 233 187 71 126 119 172 245 70 45 155 193 107 46 205 185 145
20 151 41 1 240 140 233 172 113 50 221 195 85 187 150 174 224 117 163 72 198 53 148 155 135 170 123 162 42 208 243 23 204 216 83 165 81 130 71 229 223 44 168 145 239 89 247 47 11 234 122 228 253 175 183 245 119 205 179 12 93 96 10 160 219 62 115 121 127 17 176 197 225 78 22 75 161 66 33 21 215 64 19 203 217 106 192 38 112 30 226 249 32 157 26 99 211 139 237 246 133 199 70 220 104 171 235 118 54 80 108 92 51 156 202 18 238 36 250 200 103 9 82 128 116 63 185 120 159 25 193 189 65 56 186 35 136 177 100 218 24 114 213 181 16 102 40 39 152 97 209 27 153 194 138 6 68 149 61 91 129 8 107 142 111 227 137 242 158 98 88 146 191 49 2 236 244 173 94 131 190 101 154 206 37 84 222 178 7 90 105 230 3 231 182 134 241 214 95 46 34 184 143 0 251 124 248 166 132 141 59 79 167 125 210 13 196 207 57 87 254 52 69 232 5 109 20 255 45 58 14 180 147 31 73 144 201 28 252 60 43 4 74 212 126 110 48 67 55 86 188 76 169 164 29 77 15
21 243 166 1 106 179 38 58 251 214 77 32 211 208 193 254 207 187 116 79 60 164 225 171 95 233 149 6 126 241 177 228 154 27 226 191 88 172 15 186 90 40 221 44 99 109 229 222 174 255 132 141 112 121 53 245 201 103 67 21 239 165 2 203 78 235 232 160 72 194 83 55 170 210 181 213 180 71 12 216 205 195 230 69 223 155 8 62 22 134 248 20 33 185 131 56 52 31 206 253 68 139 246 148 219 118 136 142 144 156 39 35 25 3 169 87 63 19 29 252 94 113 34 100 86 158 184 64 137 202 212 127 42 0 209 190 122 249 178 196 66 143 26 61 224 117 182 218 65 128 135 215 152 30 37 45 50 220 198 240 107 75 28 110 175 81 54 140 18 159 119 200 234 231 217 43 36 138 108 146 227 96 13 85 102 192 111 7 123 183 162 150 167 91 242 173 197 157 24 151 48 114 80 115 250 237 176 238 244 11 70 73 5 188 46 124 147 23 105 101 14 204 74 76 247 10 153 163 17 104 145 168 16 129 98 51 133 4 41 125 236 47 57 82 9 89 97 92 93 49 189 161 120 130 199 84 59
22 38 149 54 202 147 148 135 184 27 156 23 172 162 217 251 96 102 226 160 125 116 250 113 134 61 126 190 186 207 132 168 79 45 151 36 198 233 136 65 74 127 219 167 109 121 137 110 120 176 28 83 221 213 77 205 210 56 93 41 234 87 193 249 208 26 243 105 183 70 14 231 20 10 32 229 104 98 89 57 157 239 192 195 88 21 212 238 60 124 108 182 69 78 34 211 86 100 169 159 44 224 115 179 4 138 123 173 130 90 13 227 175 203 119 248 244 245 11 59 33 6 150 129 82 163 76 230 133 19 242 66 204 80 141 50 118 139 29 215 75 42 255 166 232 220 189 43 197 144 3 154 161 48 71 68 225 253 145 22 191 240 1 49 206 0 254 177 241 12 199 142 170 194 25 171 246 103 181 201 95 47 146 152 53 24 223 218 185 228 235 187 164 252 84 214 17 140 188 46 8 153 62 128 131 64 158 81 58 97 92 31 7 2 178 5 247 67 63 216 9 37 111 117 112 72 180 52 165 18 39 35 107 122 94 85 73 237 106 15 143 200 174 114 222 91 51 209 30 99 101 236 16 155 55 40 196
23 134 117 166 139 32 105 178 214 121 23 223 172 63 44 60 80 141 129 161 243 54 86 19 123 62 140 77 25 167 177 204 33 118 36 133 237 233 229 40 128 253 0 205 76 186 71 39 193 26 22 239 57 30 11 194 126 135 73 144 162 155 228 72 245 43 104 218 150 136 241 221 143 230 169 184 52 61 217 17 158 87 65 244 222 211 56 78 96 45 246 74 4 225 224 202 180 152 187 219 148 189 14 199 37 91 240 75 47 125 196 213 206 92 88 58 15 10 35 174 97 81 138 34 171 82 46 18 242 145 142 188 215 48 201 64 131 173 29 146 175 127 249 132 149 102 183 108 24 203 41 38 192 31 238 99 27 7 90 163 98 153 179 112 51 6 28 168 200 170 156 216 9 107 95 176 157 254 109 79 110 191 210 226 2 251 164 93 69 114 85 154 5 248 120 49 209 207 111 159 13 70 252 115 130 16 220 20 100 67 247 227 89 151 83 116 42 66 231 50 3 197 124 53 198 236 181 137 182 147 250 21 208 113 55 103 165 190 119 8 106 84 232 122 1 255 160 235 12 94 212 185 195 68 234 59 101
24 9 240 30 161 38 21 2 109 13 176 10 149 163 228 93 158 250 148 27 44 185 96 238 220 101 83 120 212 135 108 131 144 159 73 112 87 136 175 242 151 14 127 188 1 198 113 116 184 211 62 55 74 177 63 179 79 5 225 60 78 142 246 81 251 214 50 248 196 75 241 203 54 192 16 167 243 24 0 47 126 221 20 254 88 85 42 33 70 137 103 52 200 49 32 153 213 23 216 6 53 178 102 115 91 100 232 39 67 162 187 80 29 224 4 40 106 119 31 172 174 230 26 202 160 58 124 99 98 164 36 3 249 69 253 125 68 105 247 92 235 104 195 141 169 11 76 117 146 140 222 252 46 173 255 110 218 138 12 28 95 209 201 8 43 34 139 97 157 17 51 18 41 90 207 229 199 189 234 64 94 166 71 244 48 22 84 143 186 190 147 182 231 245 89 156 219 66 129 191 107 227 82 204 77 165 217 56 205 57 121 239 7 171 152 180 194 208 61 236 114 155 206 210 45 183 170 134 130 122 111 181 123 132 145 237 86 59 226 65 197 193 25 168 37 19 35 133 72 15 233 118 215 150 223 128 154
25 174 212 144 83 248 58 170 215 11 64 45 194 171 206 103 208 183 15 180 179 104 105 187 240 233 61 191 77 145 202 93 226 115 87 79 250 65 197 37 220 63 101 237 223 130 192 211 114 182 34 210 71 148 161 21 153 155 203 221 98 95 141 16 35 225 20 131 55 43 33 107 128 189 251 139 120 91 5 57 228 112 177 147 254 56 216 165 0 94 167 201 242 7 113 90 24 135 236 2 152 168 209 26 4 118 78 200 126 253 227 224 117 249 207 70 159 157 243 52 100 119 204 185 234 110 151 229 186 241 164 39 205 193 67 230 176 8 132 66 188 219 1 195 231 162 17 60 222 86 178 80 146 9 42 99 244 136 122 214 68 84 138 198 111 69 137 123 140 166 49 133 88 134 158 184 27 239 23 121 143 149 142 217 109 28 6 124 22 238 199 255 97 116 85 40 46 44 73 252 75 53 76 38 125 81 173 41 246 74 102 196 172 150 18 12 36 163 47 72 50 106 82 3 213 175 127 169 181 96 232 51 62 218 129 13 31 54 92 59 247 89 190 25 48 245 156 235 108 10 14 30 32 29 19 154 160
26 201 94 253 77 189 163 204 225 184 115 58 173 132 85 202 4 84 20 214 17 91 165 44 117 107 190 67 92 140 142 59 148 78 49 231 50 123 105 66 151 134 144 9 254 217 2 35 133 211 196 6 226 41 149 191 143 57 252 158 162 68 195 212 198 54 73 19 5 10 99 147 53 155 138 230 244 183 97 136 87 29 166 160 81 185 215 56 95 12 69 243 0 8 110 90 192 145 171 197 30 103 146 96 229 45 177 216 176 193 239 248 200 38 168 27 152 70 188 71 127 128 106 102 150 159 112 116 122 250 207 180 42 194 55 181 182 154 26 246 161 129 124 121 48 74 22 31 40 104 126 223 221 247 119 130 21 98 209 156 240 80 86 88 219 18 203 113 238 125 172 167 34 228 114 101 141 65 249 164 237 232 170 25 235 205 118 135 47 139 83 72 236 255 137 251 3 16 33 24 79 242 1 153 220 175 213 63 76 111 36 7 46 52 13 210 178 60 218 32 208 241 186 37 11 179 39 75 109 206 227 222 157 51 43 233 199 108 89 245 15 61 14 23 28 100 131 224 169 82 187 120 234 174 64 62 93
27 55 235 227 193 145 134 147 11 98 41 206 6 114 1 138 202 149 2 27 14 195 24 73 18 255 218 12 97 200 90 46 29 34 94 220 180 31 165 35 154 169 20 189 74 179 130 66 47 128 117 111 238 85 127 150 172 170 251 156 228 23 0 167 65 56 247 183 108 79 166 136 124 104 221 157 51 83 70 153 64 249 178 28 52 112 243 93 185 168 237 75 15 100 173 137 174 119 102 133 191 254 50 82 184 143 99 240 72 187 215 246 241 177 126 188 48 45 3 103 131 53 217 33 230 140 175 196 129 155 89 225 36 63 17 229 224 146 37 190 95 16 152 87 141 122 181 110 248 245 203 38 81 210 132 42 69 159 80 214 106 233 252 161 209 116 26 135 68 62 5 43 92 182 61 242 120 176 101 219 164 192 44 198 76 25 91 151 22 160 244 32 78 59 236 163 158 121 139 8 77 58 231 21 125 86 211 212 19 105 113 239 13 204 39 208 201 96 67 7 222 234 171 84 216 144 226 57 123 49 142 107 223 9 199 30 197 71 40 253 250 54 109 115 213 207 186 232 10 4 60 148 118 205 194 162 88
28 198 1 104 34 25 209 172 112 254 115 64 124 91 234 35 151 183 107 238 160 15 127 74 162 250 120 141 117 191 68 216 113 165 101 50 72 89 204 255 210 251 10 248 105 70 157 133 81 28 225 66 93 173 169 168 36 61 75 134 166 171 39 220 56 24 184 203 217 221 148 158 176 142 174 59 58 194 146 178 48 87 63 88 145 43 49 228 65 12 26 18 41 230 156 201 247 195 175 80 190 111 179 192 100 149 109 14 114 185 219 213 164 60 116 11 106 245 92 38 77 108 147 118 129 126 182 53 78 132 187 227 131 232 135 54 177 83 23 218 180 16 139 29 6 229 215 240 241 73 236 119 197 200 222 19 79 110 40 193 138 67 243 214 130 31 96 224 37 122 144 86 233 45 22 140 246 121 30 239 244 71 137 62 181 170 208 186 57 4 7 212 253 196 42 235 5 249 95 223 125 84 206 47 3 155 161 76 17 143 159 33 252 13 103 242 207 20 44 90 55 205 188 237 8 163 46 150 27 51 52 199 0 189 202 123 2 167 211 226 128 154 152 21 94 153 102 97 32 85 136 98 99 231 9 69 82
29 152 196 192 233 209 210 217 98 109 69 219 44 66 13 99 151 150 195 148 86 9 36 54 1 0 57 156 179 253 73 225 204 91 63 149 58 76 222 184 95 59 126 89 144 170 176 116 68 72 96 19 27 171 28 248 119 198 177 30 168 124 175 164 4 246 254 125 162 60 45 52 155 154 46 180 53 234 65 200 84 14 47 220 129 127 208 235 197 5 34 165 160 38 108 2 223 247 232 242 93 249 153 216 207 141 26 194 244 94 187 43 88 79 97 110 102 140 251 85 106 211 169 31 185 18 136 101 25 15 131 112 237 221 203 137 104 191 215 74 16 10 29 245 227 218 157 121 161 114 250 87 252 213 92 238 202 71 8 40 75 82 236 134 49 77 138 231 56 224 55 20 188 172 37 100 113 183 173 159 70 120 182 61 62 205 240 181 201 23 118 42 117 32 51 230 186 158 142 229 128 123 33 214 41 39 130 255 145 243 105 22 64 3 11 189 226 167 212 115 122 90 111 146 78 239 67 107 174 6 103 147 35 133 241 17 190 12 81 193 48 143 163 83 50 139 166 80 199 206 132 228 21 135 7 178 24
30 117 241 8 224 92 129 239 58 138 83 175 152 99 0 10 77 217 24 93 96 225 133 42 15 163 116 172 37 223 35 74 118 182 227 60 208 180 132 18 91 234 202 82 167 64 209 141 61 122 169 137 38 78 233 45 85 236 62 104 194 131 95 191 143 128 216 185 102 40 108 75 174 255 98 195 166 79 89 183 63 139 226 170 235 52 43 207 193 110 4 94 19 97 31 201 199 32 244 69 197 229 181 17 6 71 196 130 124 101 136 184 55 242 66 113 1 162 44 50 147 120 251 219 3 72 230 253 237 107 39 54 73 161 243 179 88 232 158 155 204 198 159 112 254 41 156 36 87 34 220 148 27 187 119 231 252 145 106 16 105 188 150 90 160 28 249 25 171 214 57 240 127 238 212 213 247 177 176 30 100 126 59 46 56 2 205 215 178 173 123 114 5 222 211 203 51 144 13 146 84 248 11 186 33 250 9 192 140 47 68 86 26 21 67 125 12 48 206 142 121 76 49 165 218 80 111 200 164 65 134 14 210 228 246 115 190 168 221 135 153 189 151 103 70 22 23 149 157 29 7 245 109 81 154 20 53
31 212 133 127 174 180 115 192 95 163 114 143 122 82 22 246 137 50 116 157 184 10 88 219 149 90 103 59 54 158 55 165 89 154 239 209 176 240 99 67 23 15 3 83 11 166 37 221 134 242 169 160 188 162 208 57 231 148 177 72 61 215 186 248 206 74 0 85 94 20 2 135 247 80 26 1 167 52 17 255 101 97 194 44 220 32 230 207 238 9 117 73 142 138 112 124 190 63 227 132 237 79 53 123 47 183 8 34 204 33 41 49 249 38 197 131 43 28 241 178 31 234 14 235 224 217 12 141 225 69 105 244 140 150 24 173 199 175 155 56 60 118 144 13 98 214 77 100 170 203 156 236 51 25 250 200 64 153 195 205 87 152 113 130 27 4 48 172 168 159 139 228 18 70 243 108 58 30 62 191 151 102 91 120 145 93 196 121 218 253 216 254 75 181 164 16 233 40 202 129 198 39 229 147 35 21 179 78 111 252 45 161 65 7 222 223 86 171 251 125 5 146 213 71 211 36 187 107 136 6 68 201 84 42 193 226 232 110 126 182 81 76 104 245 128 19 29 210 66 185 106 96 46 189 92 109 119
32 73 204 233 67 241 59 108 226 255 104 66 143 88 31 74 136 123 202 78 132 92 58 5 151 236 198 109 63 52 6 181 33 149 244 160 23 60 47 228 120 28 110 213 146 119 41 173 215 252 209 71 2 174 90 137 144 208 127 235 7 248 216 26 170 30 3 56 237 54 203 211 9 147 140 251 12 138 184 85 165 232 82 210 162 163 43 25 205 129 86 83 196 185 225 19 89 70 34 49 38 218 175 68 64 101 157 195 15 168 179 84 139 224 17 247 133 111 176 254 16 121 183 197 187 245 14 227 117 97 37 199 166 250 229 172 154 221 11 81 75 116 191 18 156 112 142 27 193 76 158 230 238 48 164 124 242 42 130 148 50 192 113 57 65 212 105 40 22 240 171 222 46 186 103 102 231 53 99 161 194 178 190 98 24 246 152 35 51 93 115 8 45 122 206 29 13 72 180 177 96 61 128 217 87 114 150 44 219 214 135 95 182 4 155 94 153 20 1 80 223 134 55 62 107 126 159 200 131 188 249 145 220 201 0 77 100 167 91 169 79 10 21 32 253 118 69 141 39 106 234 239 207 125 243 189 36
33 106 204 66 146 110 61 70 30 118 50 79 85 51 137 87 194 81 130 82 93 88 115 167 22 13 251 250 176 123 43 102 27 133 210 252 92 147 203 234 219 47 17 227 198 189 213 165 181 192 235 76 108 187 129 247 152 90 186 240 172 161 4 127 33 209 54 193 36 75 254 206 5 180 86 221 39 68 91 64 109 104 236 71 139 57 37 132 78 60 23 94 159 95 56 52 97 77 83 154 11 220 59 214 217 84 15 117 111 63 136 105 201 182 229 16 103 253 190 140 134 183 202 177 197 179 142 168 0 244 107 211 237 195 166 173 18 19 144 98 156 121 246 241 138 44 238 96 126 113 228 224 232 122 215 218 245 67 99 62 31 53 185 72 12 200 41 10 205 42 28 58 239 74 178 225 208 124 162 6 243 32 2 151 24 199 158 101 29 55 231 207 119 191 69 73 170 175 157 160 49 223 131 38 135 141 89 25 128 242 149 145 212 21 7 164 233 150 143 255 3 26 188 48 230 248 169 46 222 35 184 1 226 249 155 125 9 171 112 153 174 34 100 40 14 45 114 8 196 216 80 116 20 148 120 65 163
34 66 218 154 13 254 123 108 27 244 179 74 150 247 121 37 132 91 128 10 176 246 203 166 93 16 243 186 3 38 226 5 82 211 138 131 73 250 15 181 162 20 185 57 194 192 109 183 69 122 164 249 223 23 80 219 83 26 201 241 68 182 120 88 77 129 116 137 29 58 44 202 252 8 238 104 141 7 1 169 255 105 214 112 12 248 133 232 153 204 72 187 114 197 25 240 18 99 245 54 216 224 65 53 210 67 212 110 107 90 47 177 160 56 103 217 33 24 233 49 142 76 207 152 168 191 45 225 163 229 227 46 184 158 92 126 206 157 234 208 134 22 94 239 31 173 174 159 85 40 253 195 205 11 98 64 144 63 115 81 136 32 96 118 51 222 17 42 97 231 151 175 14 61 161 143 167 188 149 62 6 180 113 215 84 4 251 34 55 102 95 0 9 52 130 196 140 171 209 170 155 146 117 125 235 50 87 28 48 43 30 189 165 100 230 36 101 70 89 242 199 135 228 198 127 172 79 106 75 2 78 41 190 111 35 124 193 178 59 236 148 156 213 21 200 39 221 237 145 119 86 60 71 147 220 19 139
35 14 53 202 253 171 27 239 31 251 254 64 194 76 142 87 167 173 186 36 65 69 169 235 209 79 93 48 228 139 77 225 247 128 44 181 58 38 245 137 106 136 233 215 16 116 101 180 120 57 84 41 162 191 121 72 42 8 220 130 176 34 46 96 140 18 104 203 95 47 143 67 208 7 33 114 187 242 21 97 92 149 217 11 119 71 198 129 75 189 117 252 221 6 63 152 17 23 170 196 255 134 224 0 206 156 90 155 80 9 103 240 148 60 43 210 207 218 248 234 78 66 231 190 102 154 88 229 89 199 107 49 105 195 222 19 132 174 3 165 10 110 192 111 68 146 108 24 138 51 223 1 185 141 214 2 115 20 159 197 126 54 85 91 32 131 193 232 243 168 94 40 213 39 5 200 112 22 219 100 81 127 157 153 12 184 161 28 238 99 35 182 204 56 236 59 151 211 62 123 201 158 52 250 113 178 118 29 15 133 37 166 55 172 50 61 230 13 249 25 177 183 227 175 70 4 86 145 226 82 164 246 163 124 125 73 237 135 216 98 188 241 147 212 160 26 45 30 109 205 150 83 144 74 179 122 244
36 158 241 154 213 164 118 135 20 4 192 110 222 87 82 60 93 26 153 78 50 101 188 81 231 2 232 65 61 133 9 136 228 201 103 134 47 21 170 160 75 126 80 138 36 168 107 155 250 159 165 94 39 55 17 10 137 199 216 123 7 74 16 235 157 148 97 19 116 171 185 95 237 86 45 13 83 70 120 230 203 121 245 191 76 63 48 208 225 124 224 52 79 12 196 187 144 119 227 253 99 161 88 252 234 106 77 85 166 102 22 240 140 25 0 56 37 57 167 149 28 15 179 24 186 92 254 220 64 127 73 226 105 145 251 214 142 146 233 59 150 210 5 114 181 190 34 32 229 29 255 217 207 195 44 31 205 27 67 72 151 189 246 243 125 143 238 30 239 40 18 223 14 84 147 23 96 173 1 172 176 152 204 117 11 244 69 183 169 109 212 49 184 113 247 163 53 211 141 122 139 215 54 104 3 218 178 66 162 194 198 130 51 33 200 174 41 202 91 90 219 100 98 62 221 182 111 249 175 248 180 236 42 177 156 132 206 43 108 89 112 209 58 129 71 46 128 68 193 131 6 242 197 38 8 115 35
37 64 199 1 171 122 103 129 132 5 39 163 75 35 22 55 89 165 170 99 218 238 72 8 19 52 2 237 113 134 65 124 156 101 51 224 54 208 74 70 233 214 196 104 175 213 198 92 69 177 244 59 226 128 66 151 61 110 219 192 109 181 159 243 29 239 133 227 42 248 81 27 3 111 169 96 34 25 245 115 190 211 187 80 220 130 240 107 252 136 255 164 44 123 242 201 127 137 149 180 50 117 105 160 0 100 78 182 206 24 234 144 108 146 58 147 120 97 183 176 33 158 162 254 229 236 247 246 173 204 62 215 71 161 114 200 241 73 86 13 194 16 77 135 152 232 56 139 118 172 191 102 202 184 20 85 15 119 90 83 9 63 43 76 91 178 21 67 221 189 31 6 185 94 126 18 68 195 95 230 193 47 82 30 17 53 141 157 116 125 93 250 145 36 148 186 207 4 87 205 11 166 216 212 143 138 46 98 231 49 179 28 60 14 32 121 154 88 223 112 225 217 23 84 168 26 228 131 174 12 10 222 150 106 251 57 38 140 167 235 40 41 153 197 142 37 188 249 79 253 155 45 7 210 209 48 203
38 175 239 68 60 198 209 12 109 64 128 102 217 190 173 202 135 127 118 243 143 200 254 87 61 122 249 233 185 252 49 82 159 237 88 212 218 8 132 69 57 149 45 7 191 154 17 223 141 20 192 79 204 50 133 177 197 48 34 43 123 156 184 103 18 41 176 59 121 251 0 182 180 25 168 13 144 104 236 189 193 66 92 158 245 160 215 73 93 77 222 35 67 134 157 250 42 242 150 219 63 136 148 78 131 100 62 80 105 146 115 140 166 37 46 138 126 33 28 24 206 22 75 117 52 196 165 234 30 216 71 213 169 232 207 124 9 227 55 230 194 83 16 10 27 89 171 31 163 99 94 221 220 86 111 11 195 151 210 4 201 76 38 23 5 186 228 244 98 56 112 125 36 183 51 39 110 40 91 229 187 241 21 96 58 72 188 199 74 54 145 32 205 162 97 120 14 139 253 172 235 152 153 129 164 248 108 178 90 246 95 47 203 3 142 137 65 81 6 44 26 114 161 211 238 70 181 231 226 147 174 107 130 53 101 225 113 84 224 106 247 85 116 170 155 15 179 240 208 214 29 167 19 2 255 1 119
39 184 195 57 150 32 187 8 25 140 154 230 103 30 70 186 112 96 176 110 40 243 163 11 87 22 235 133 120 228 56 253 204 24 221 116 123 31 234 75 239 211 45 130 34 190 63 174 58 74 251 142 83 5 29 240 117 55 224 42 175 84 225 173 129 193 200 18 48 17 41 160 209 254 227 157 23 171 101 141 248 208 78 167 65 97 128 38 91 99 168 252 77 35 21 223 113 10 255 98 139 218 69 37 92 222 145 16 158 166 249 189 231 39 66 162 244 100 179 169 33 49 144 2 219 13 165 6 134 188 46 60 151 118 73 250 72 1 201 127 76 67 81 27 213 183 61 226 152 247 216 246 172 164 132 115 136 205 210 149 93 9 177 202 85 198 161 89 137 138 153 245 131 238 109 237 36 44 80 12 114 104 236 215 88 192 206 50 196 102 107 241 182 43 155 146 95 15 106 170 47 64 14 229 52 86 90 62 159 185 105 232 191 147 125 197 217 178 26 194 121 148 242 124 7 119 108 126 3 79 53 59 199 122 233 4 143 181 28 20 19 71 180 156 214 111 82 68 94 220 203 212 54 135 207 51 0
